%YAML:1.0
---
FocalLength: 472.44285460331344
Intrisic: !!opencv-matrix
  rows: 3
  cols: 3
  dt: f
  data: [472.94389, 0.0, 639.28372, 0.0, 471.94181, 400.19674, 0.0, 0.0, 1.0]
Rotation: !!opencv-matrix
  rows: 3
  cols: 3
  dt: f
  data: [0.975355, 0.003912, 0.220605, -0.208083, 0.348794, 0.913807, -0.073371, -0.937191, 0.341012]
Translation: !!opencv-matrix
  rows: 3
  cols: 1
  dt: d
  data: [53.252, 413.796, 1182.952]
  
  #(Right - 5023)
