%YAML:1.0
---
FocalLength: 682.4381903165248
Intrisic: !!opencv-matrix
  rows: 3
  cols: 3
  dt: f
  data: [672.68035, 0.0, 657.28146, 0.0, 692.19603, 433.87921, 0.0, 0.0, 1.0]
Rotation: !!opencv-matrix
  rows: 3
  cols: 3
  dt: f
  data: [0.996892, 0.058788, -0.052450, 0.038348, 0.219480, 0.974863, 0.068822, -0.973844, 0.216544]
Translation: !!opencv-matrix
  rows: 3
  cols: 1
  dt: d
  data: [-729.879, 597.802, 1440.471]
  
  #(Rear - 5022)
