%YAML:1.0
---
num_cameras: 4
scale_factor: 0.64999997615814209
camera_0_src_points: [ 256., 360., 1024., 360., 1280., 800., 0., 800. ]
camera_0_dst_points: [ 0., 0., 832., 0., 832., 520., 0., 520. ]
camera_1_src_points: [ 200., 400., 850., 300., 1280., 800., 0., 800. ]
camera_1_dst_points: [ 0., 0., 832., 0., 832., 520., 0., 520. ]
camera_2_src_points: [ 256., 360., 1024., 360., 1280., 800., 0., 800. ]
camera_2_dst_points: [ 0., 0., 832., 0., 832., 520., 0., 520. ]
camera_3_src_points: [ 430., 300., 1080., 400., 1280., 800., 0., 800. ]
camera_3_dst_points: [ 0., 0., 832., 0., 832., 520., 0., 520. ]
